Case0 [1,2,3,4,5,6,7,8,9]
Case1 [1,2,3,4,5,6,7,8,9]
Case2 [1,2,3,4,5,6,7,8,9]
Case3 [1,2,3,4,5,6,7,8,9]
Case4 [1,2,3,4,5,6,7,8,9]
Case5 [1,2,3,4,5,6,7,8,9]
Case6 [1,2,3,4,5,6,7,8,9]
Case7 [1,2,3,4,5,6,7,8,9]
Case8 [1,2,3,4,5,6,7,8,9]
Case9 [1,2,3,4,5,6,7,8,9]
Case10 [1,2,3,4,5,6,7,8,9]
Case11 [1,2,3,4,5,6,7,8,9]
Case12 [1,2,3,4,5,6,7,8,9]
Case13 [1,2,3,4,5,6,7,8,9]
Case14 [1,2,3,4,5,6,7,8,9]
Case15 [1,2,3,4,5,6,7,8,9]
Case16 [1,2,3,4,5,6,7,8,9]
Case17 [1,2,3,4,5,6,7,8,9]
Case18 [1,2,3,4,5,6,7,8,9]
Case19 [1,2,3,4,5,6,7,8,9]
Case20 [1,2,3,4,5,6,7,8,9]
Case21 [1,2,3,4,5,6,7,8,9]
Case22 [1,2,3,4,5,6,7,8,9]
Case23 [1,2,3,4,5,6,7,8,9]
Case24 [1,2,3,4,5,6,7,8,9]
Case25 [1,2,3,4,5,6,7,8,9]
Case26 [1,2,3,4,5,6,7,8,9]
Case27 [1,2,3,4,5,6,7,8,9]
Case28 [1,2,3,4,5,6,7,8,9]
Case29 [1,2,3,4,5,6,7,8,9]
Case30 [1,2,3,4,5,6,7,8,9]
Case31 [1,2,3,4,5,6,7,8,9]
Case32 [1,2,3,4,5,6,7,8,9]
Case33 [1,2,3,4,5,6,7,8,9]
Case34 [1,2,3,4,5,6,7,8,9]
Case35 [1,2,3,4,5,6,7,8,9]
Case36 [1,2,3,4,5,6,7,8,9]
Case37 [1,2,3,4,5,6,7,8,9]
Case38 [1,2,3,4,5,6,7,8,9]
Case39 [1,2,3,4,5,6,7,8,9]
Case40 [1,2,3,4,5,6,7,8,9]
Case41 [1,2,3,4,5,6,7,8,9]
Case42 [1,2,3,4,5,6,7,8,9]
Case43 [1,2,3,4,5,6,7,8,9]
Case44 [1,2,3,4,5,6,7,8,9]
Case45 [1,2,3,4,5,6,7,8,9]
Case46 [1,2,3,4,5,6,7,8,9]
Case47 [1,2,3,4,5,6,7,8,9]
Case48 [1,2,3,4,5,6,7,8,9]
Case49 [1,2,3,4,5,6,7,8,9]
Case50 [1,2,3,4,5,6,7,8,9]
Case51 [1,2,3,4,5,6,7,8,9]
Case52 [1,2,3,4,5,6,7,8,9]
Case53 [1,2,3,4,5,6,7,8,9]
Case54 [1,2,3,4,5,6,7,8,9]
Case55 [1,2,3,4,5,6,7,8,9]
Case56 [1,2,3,4,5,6,7,8,9]
Case57 [1,2,3,4,5,6,7,8,9]
Case58 [1,2,3,4,5,6,7,8,9]
Case59 [1,2,3,4,5,6,7,8,9]
Case60 [1,2,3,4,5,6,7,8,9]
Case61 [1,2,3,4,5,6,7,8,9]
Case62 [1,2,3,4,5,6,7,8,9]
Case63 [1,2,3,4,5,6,7,8,9]
Case64 [1,2,3,4,5,6,7,8,9]
Case65 [1,2,3,4,5,6,7,8,9]
Case66 [1,2,3,4,5,6,7,8,9]
Case67 [1,2,3,4,5,6,7,8,9]
Case68 [1,2,3,4,5,6,7,8,9]
Case69 [1,2,3,4,5,6,7,8,9]
Case70 [1,2,3,4,5,6,7,8,9]
Case71 [1,2,3,4,5,6,7,8,9]
Case72 [1,2,3,4,5,6,7,8,9]
Case73 [1,2,3,4,5,6,7,8,9]
Case74 [1,2,3,4,5,6,7,8,9]
Case75 [1,2,3,4,5,6,7,8,9]
Case76 [1,2,3,4,5,6,7,8,9]
Case77 [1,2,3,4,5,6,7,8,9]
Case78 [1,2,3,4,5,6,7,8,9]
Case79 [1,2,3,4,5,6,7,8,9]
Case80 [1,2,3,4,5,6,7,8,9]